 133.1140  32.7482
 133.2062  32.5867
 133.2932  32.4130
 133.3808  32.2485
 133.4487  32.1252
 133.5205  32.0003
 133.5820  31.8807
 133.6375  31.7967
 133.7210  31.6262
 133.8117  31.4610
 133.8987  31.2940
 134.0878  30.9665
 134.2760  30.6022
 134.4860  30.2425
 134.8680  30.0020
 135.4242  29.9860
 136.0303  30.0003
 136.6113  30.0075
 137.1923  29.9965
 137.7577  29.9985
 138.3385  30.0042
 138.7938  29.9992
 139.3723  29.9970
 139.9352  29.9960
 140.5245  30.0000
 141.1155  30.0125
 141.6770  29.9995
 142.2533  30.0008
 142.7153  30.0000
 143.1763  30.0000
 143.7575  29.9987
 144.3242  30.0022
 144.9100  30.0002
 145.4885  29.9988
 146.0643  29.9997
 146.6393  29.9998
 147.3008  30.0003
 147.9647  30.0043
 148.6043  29.9990
 149.2592  29.9907
 150.9042  29.9987
 151.6532  30.0005
 152.4040  30.0005
 153.1537  29.9980
 153.9117  29.9948
 154.5965  30.0017
 155.3477  30.0005
 156.1000  29.9992
 156.8490  29.9985
 157.5990  30.0003
 158.3525  29.9990
 159.0990  29.9998
 159.8487  30.0005
 160.6000  30.0005
 161.3492  30.0040
 162.0985  29.9963
 162.8512  29.9980
 163.5045  30.0000
 164.1590  30.0000
 164.8135  30.0003
 165.4730  30.0012
 166.1232  29.9982
 166.7473  29.9980
 167.4300  30.0003
 168.0865  30.0005
 168.7393  30.0005
 169.4032  30.0047
 170.0493  29.9997
 170.6962  30.0097
 171.3560  30.0000
 172.0112  30.0002
 172.6642  29.9987
 173.3217  29.9975
 174.0100  30.0002
 174.6278  29.9990
 175.2370  30.0002
 175.8563  30.0005
 176.4733  29.9977
 177.1022  29.9975
 177.7048  29.9998
 178.3210  30.0000
 178.9360  30.0008
 179.5442  30.0027
-179.8318  30.0012
-179.2152  30.0198
-178.6032  30.0003
-177.9872  30.0012
-177.3697  30.0010
-176.7545  29.9998
-176.1433  30.0005
-175.5242  30.0008
-174.9065  30.0003
-174.2952  30.0000
-173.6382  30.0007
-172.9828  30.0003
-172.3328  30.0002
-171.6740  30.0003
-171.0222  29.9998
-170.3697  29.9990
-169.7117  30.0008
-169.0568  29.9993
-168.4090  30.0000
-167.7485  29.9993
-167.0952  29.9998
-166.4440  29.9983
-165.7862  30.0000
-165.1268  29.9918
-166.4457  30.0013
-165.7853  30.0013
-165.1198  29.9960
-164.5497  29.9998
-163.8430  29.9957
-163.1670  29.9997
-162.4722  30.0000
-161.7788  30.0003
-161.0838  29.9983
-160.3953  30.0000
-159.7012  30.0013
-159.0068  29.9967
-158.3172  30.0008
-157.6195  30.0002
-156.9287  30.0005
-156.2355  30.0005
-155.5297  30.0020
-154.8463  30.0000
-154.1438  30.0007
-154.1540  30.0010
-153.4052  29.9998
-152.6518  29.9987
-151.9027  30.0003
-151.1538  29.9983
-150.4047  29.9993
-149.6583  30.0017
-148.9028  29.9997
-148.1493  30.0010
-147.3993  30.0000
-146.6507  29.9962
-145.9015  30.0000
-145.1418  29.9995
-144.3987  30.0005
-143.6482  30.0000
-142.8968  30.0000
-142.1403  30.0002
-141.3978  30.0003
-140.6393  29.9988
-139.8897  30.0005
-139.1458  30.0007
-138.3948  30.0005
-137.6367  29.9977
-136.8938  30.0003
-136.1397  29.9997
-135.4327  30.0013
-134.7398  29.9987
-134.1632  30.0005
-133.5878  29.9998
-133.0067  29.9995
-132.4298  30.0007
-131.8538  30.0000
-131.2765  30.0002
-130.6893  29.9993
-130.1132  29.9977
-129.5358  29.9995
-128.9593  29.9998
-128.3813  29.9993
-127.8052  29.9988
-127.2292  30.0000
-126.6522  29.9998
-126.0740  29.9988
-125.4967  29.9995
-124.9207  29.9998
-124.3402  30.0002
-123.7645  29.9998
-123.2700  30.2588
-122.7807  30.5123
-122.2735  30.7733
-121.7725  31.0267
-121.2682  31.2785
-120.7608  31.5288
-120.2500  31.7790
-119.7727  31.9992
-119.7212  32.0233
-119.6497  32.0577
-119.4232  32.1767
-119.1473  32.3053
-118.8317  32.4645
-118.5425  32.6122
-118.1563  32.6320
-117.8227  32.6417
-117.5260  32.6403
-117.5252  32.6405
-117.3842  32.6430
